rapid_city={
	location=2961
	members={ 2730 2731 2732 2733 2734 2758 2759 2762 2763 2768 2769 2770 2789 2940 2941 2942 2956 2957 2958 2959 2960 2961 2962 2963 2980 2981 2982 2983 2984 2985 2986 2987 2988 2989 2990 3044 3049 3050 3148 3149 3150 3152 3153 3163 3164 }
	outgoing={
		name="bismark"
		path={ 2958 2941 2942 2932 2920 }
		control={ 2830.000000 732.000000 }
	}
	outgoing={
		name="billings"
		path={ 2960 3149 3050 3051 3053 }
		control={ 2791.000000 722.000000 }
	}
	outgoing={
		name="sioux"
		path={ 2962 2981 2980 2991 3000 2996 2997 }
		control={ 2863.000000 703.000000 }
	}
	outgoing={
		name="denver"
		path={ 2983 2732 2731 2762 2763 3167 2833 2849 2848 }
		control={ 2810.000000 672.000000 }
	}
	outgoing={
		name="omaha"
		path={ 2982 2988 2989 2990 2738 2742 2741 2750 2749 2777 2779 }
		control={ 2865.000000 673.000000 }
	}
}

bismark={
	location=2920
	members={ 2443 2444 2445 2447 2448 2449 2450 2887 2888 2889 2890 2891 2892 2893 2894 2895 2896 2897 2898 2899 2900 2901 2902 2903 2904 2905 2906 2907 2908 2909 2910 2911 2912 2913 2914 2915 2916 2917 2918 2919 2920 2921 2922 2923 2924 2925 2926 2927 2928 2929 2930 2931 2932 2933 2934 2935 2936 2937 2938 2939 2943 2944 2945 2952 2953 2954 2955 3045 3046 3047 3048 }
	outgoing={
		name="duluth"
		path={ 2919 2918 2917 2914 2448 2447 2446 2441 2440 2435 }
		control={ 2979.000000 828.000000 }
	}
	outgoing={
		name="minneapolis"
		path={ 2919 2918 2917 2935 2936 2466 2471 2474 2475 2478 2479 }
		control={ 2973.000000 805.000000 }
	}
	outgoing={
		name="sioux"
		path={ 2932 2939 2944 2945 2951 2968 2969 2975 2997 }
		control={ 2931.000000 768.000000 }
	}
	outgoing={
		name="billings"
		path={ 2922 2923 2926 3048 3044 3043 3053 }
		control={ 2851.000000 812.000000 }
	}
}

duluth={
	location=2435
	members={ 1798 1799 1800 1801 2301 2302 2303 2304 2313 2314 2315 2316 2318 2319 2320 2333 2431 2432 2433 2434 2435 2436 2437 2438 2440 2441 2442 2446 2451 2452 2453 }
	outgoing={
		name="minneapolis"
		path={ 2439 2454 2459 2481 2479 }
		control={ 3097.000000 807.000000 }
	}
	outgoing={
		name="madison"
		path={ 2301 2315 2318 2334 2333 2332 2345 2355 2363 }
		control={ 3160.000000 807.000000 }
	}
	outgoing={
		name="northwoods"
		path={ 114 1808 1809 115 1823 }
		control={ 3196.000000 843.000000 }
	}
}

shasta={
	location=2377
	members={ 2373 2374 2377 2378 2379 2380 2381 2386 2387 2388 2389 2545 2546 2547 2548 }
	outgoing={
		name="san_francisco"
		path={ 2381 2387 2389 2391 2399 2398 2407 2404 2402 2401 }
		control={ 2282.500000 619.000000 }
	}
	outgoing={
		name="portland"
		path={ 2374 2547 2541 2540 2532 2533 2519 }
		control={ 2304.000000 688.000000 }
	}
	outgoing={
		name="boise"
		path={ 2375 182 2551 2552 3125 3126 }
		control={ 2360.000000 669.000000 }
	}
	outgoing={
		name="reno"
		path={ 2376 2713 }
		control={ 2317.000000 619.000000 }
	}
}

billings={
	location=3053
	members={ 3009 3010 3011 3012 3013 3014 3015 3016 3017 3018 3019 3020 3021 3022 3023 3024 3025 3026 3027 3032 3033 3034 3035 3036 3037 3038 3039 3040 3041 3042 3043 3051 3052 3053 3054 3055 3056 3057 3058 3059 3060 3115 3116 3117 3118 3145 3146 3147 3154 3155 3156 3159 }
	outgoing={
		name="spokane"
		path={ 3041 3040 3037 3026 3007 3029 3102 3079 }
		control={ 2668.000000 787.000000 }
	}
	outgoing={
		name="boise"
		path={ 3055 3057 3058 3059 3060 3113 3112 3122 3126 }
		control={ 2610.000000 744.000000 }
	}
	outgoing={
		name="salt_lake"
		path={ 3054 3145 3159 3160 3170 3171 3174 }
		control={ 2656.000000 733.000000 }
	}
}

kanawha={
	location=2672
	members={ 920 921 923 924 925 926 960 961 965 1117 1118 1119 1120 1121 1122 1147 1148 1149 2664 2665 2666 2667 2668 2669 2670 2671 2672 2673 2674 2682 2683 2684 2685 2686 2687 2688 2689 2690 2691 2692 2693 2694 2695 2700 2701 2702 2703 2704 }
	outgoing={
		name="columbus"
		path={ 2666 1120 1149 1150 1179 1177 }
		control={ 3467.000000 597.000000 }
	}
	outgoing={
		name="pittsburgh"
		path={ 2673 2674 2675 2663 2662 221 220 224 }
		control={ 3489.000000 630.000000 }
	}
	outgoing={
		name="roanoke"
		path={ 2689 2697 2698 573 629 }
		control={ 3506.000000 575.000000 }
	}
	outgoing={
		name="knoxville"
		path={ 2670 2693 921 920 919 918 1005 1046 1082 }
		control={ 3472.000000 561.000000 }
	}
	outgoing={
		name="lexington"
		path={ 2670 2669 923 963 985 999 1000 989 }
		control={ 3458.000000 575.000000 }
	}
}

sioux={
	location=2997
	members={ 2202 2203 2204 2205 2206 2207 2208 2209 2210 2211 2212 2248 2249 2465 2466 2467 2468 2469 2487 2488 2489 2490 2491 2505 2506 2507 2508 2509 2510 2735 2736 2737 2738 2739 2743 2745 2746 2946 2947 2948 2949 2950 2951 2964 2965 2966 2967 2968 2969 2970 2971 2972 2973 2974 2975 2976 2977 2978 2979 2991 2992 2993 2994 2995 2996 2997 2998 2999 3000 3001 3002 3003 3004 3005 }
	outgoing={
		name="minneapolis"
		path={ 2508 2509 2510 2511 2503 2495 2484 2479 }
		control={ 3036.000000 731.000000 }
	}
	outgoing={
		name="des_moines"
		path={ 2202 2203 2209 2212 2213 2214 2244 2253 2270 }
		control={ 3063.000000 663.000000 }
	}
	outgoing={
		name="omaha"
		path={ 2998 3005 2248 2249 2275 2778 2779 }
		control={ 3004.000000 660.000000 }
	}
}

maine={
	location=1598
	members={ 556 557 563 869 870 871 872 877 879 880 1592 1593 1594 1595 1596 1597 1598 1599 1600 1601 1602 1603 1604 1605 1606 1607 }
	outgoing={
		name="boston"
		path={ 1597 561 470 471 }
		control={ 3719.000000 875.000000 }
	}
	outgoing={
		name="albany"
		path={ 1597 561 560 559 874 875 725 751 }
		control={ 3675.000000 853.000000 }
	}
}

evansville={
	location=1339
	members={ 893 894 895 896 897 898 899 900 901 902 903 904 905 940 941 942 945 946 1309 1320 1321 1322 1323 1324 1325 1337 1338 1339 1340 1495 1496 1497 1498 1508 1509 1510 1511 1512 1514 1515 1516 1517 1518 1519 1520 1521 1522 1523 1524 }
	outgoing={
		name="saint_louis"
		path={ 1340 1511 1508 1500 1501 1502 1722 }
		control={ 3295.000000 523.000000 }
	}
	outgoing={
		name="indianapolis"
		path={ 1338 1325 1320 1319 1310 1304 1294 }
		control={ 3306.000000 537.000000 }
	}
	outgoing={
		name="louisville"
		path={ 1338 1325 1335 1334 888 }
		control={ 3334.000000 530.000000 }
	}
	outgoing={
		name="nashville"
		path={ 895 940 946 909 1012 1055 }
		control={ 3325.000000 496.000000 }
	}
	outgoing={
		name="memphis"
		path={ 895 896 897 898 899 901 902 903 1018 1019 1020 1021 1022 }
		control={ 3295.000000 503.000000 }
	}
}

roanoke={
	location=629
	members={ 567 568 569 570 571 572 573 574 575 576 583 584 585 586 587 588 622 626 627 628 629 630 631 632 633 635 636 637 638 657 776 777 827 2696 2697 2698 2699 }
	outgoing={
		name="richmond_city"
		path={ 637 638 657 658 644 599 663 }
		control={ 3555.000000 580.000000 }
	}
	outgoing={
		name="raleigh"
		path={ 636 587 774 823 822 821 }
		control={ 3552.000000 549.000000 }
	}
}

northwoods={
	location=1823
	members={ 1802 1803 1804 1805 1806 1807 1808 1809 1810 1811 1812 1813 1814 1815 1816 1817 1818 1819 1820 1821 1822 1823 1824 1825 1826 1827 1828 1829 1830 1831 1832 1833 1836 1837 1838 1839 2305 2306 2307 2308 2309 2312 2324 2325 2326 }
	outgoing={
		name="madison"
		path={ 115 2350 2351 2352 2363 }
		control={ 3262.000000 760.000000 }
	}
	outgoing={
		name="grand_rapids"
		path={ 1832 1836 1843 1849 1848 }
		control={ 3278.929932 764.489990 }
	}
	outgoing={
		name="detroit"
		path={ 1831 1837 1842 1850 1859 1867 1868 1869 1871 }
		control={ 3333.000000 768.000000 }
	}
}

alaska={
	location=3335
	members={ 3322 3323 3324 3325 3326 3327 3328 3329 3330 3331 3332 3334 3335 3336 3337 3338 3339 3340 3341 3342 3343 3344 3345 3346 3347 3348 3349 3350 3351 3352 }
	outgoing={
		name="seattle"
		path={ 61 62 110 3071 }
		control={ 1918.000000 1582.000000 2039.000000 1347.000000 2246.000000 1013.000000 2299.000000 941.000000 2329.000000 931.000000 }
	}
}

lubbock={
	location=1984
	members={ 1948 1949 1950 1955 1956 1957 1958 1959 1960 1961 1962 1963 1964 1965 1966 1967 1968 1969 1970 1971 1972 1973 1974 1975 1976 1977 1978 1979 1980 1981 1982 1983 1984 1985 1986 1987 1988 1989 1990 2013 2014 2015 2016 2017 2018 2019 2020 2021 2022 2023 2024 2025 2026 2027 2052 2053 2054 2055 2056 2057 2058 2059 2060 2061 2062 2063 2064 2065 2093 2094 2095 2096 2097 2098 2099 3197 3198 3199 3303 3304 3305 }
	outgoing={
		name="wichita"
		path={ 1979 1970 1965 1964 1963 3245 3244 3223 3218 3202 2640 2639 2657 }
		control={ 2907.000000 326.000000 }
	}
	outgoing={
		name="albuquerque"
		path={ 1983 1982 3303 3305 3291 3288 3286 }
		control={ 2852.000000 317.000000 }
	}
	outgoing={
		name="el_paso"
		path={ 1983 1982 3302 3301 3300 2102 }
		control={ 2858.000000 292.000000 }
	}
	outgoing={
		name="dallas"
		path={ 1985 1986 1987 1988 1989 1992 2011 2010 2031 2032 }
		control={ 2909.000000 300.000000 }
	}
	outgoing={
		name="san_antonio"
		path={ 2018 2023 2024 2055 2065 2093 2092 2110 2111 2138 2145 2164 }
		control={ 2895.000000 280.000000 }
	}
}

davenport={
	location=2262
	members={ 1423 1434 1435 1436 1442 1443 1444 1447 1448 1449 1450 1451 1452 1453 1454 1455 1456 1462 1465 1466 1467 1468 2222 2223 2224 2225 2233 2234 2235 2236 2237 2238 2239 2258 2259 2260 2261 2262 2263 2264 2265 2266 2285 2286 2287 }
	outgoing={
		name="chicago"
		path={ 2261 1435 1436 1432 1431 1429 }
		control={ 3203.000000 657.000000 }
	}
	outgoing={
		name="saint_louis"
		path={ 1448 1449 1451 1466 1471 1472 1473 1485 1491 1722 }
		control={ 3197.000000 637.000000 }
	}
	outgoing={
		name="des_moines"
		path={ 2260 2259 2258 2257 2256 2270 }
		control={ 3183.000000 646.000000 }
	}
	outgoing={
		name="madison"
		path={ 2261 1434 1424 2371 2363 }
		control={ 3195.000000 664.000000 }
	}
}

shreveport={
	location=1191
	members={ 1186 1187 1188 1189 1190 1191 1192 1193 1194 1195 1196 1197 1200 1201 1202 1203 1774 1775 1789 1790 1791 1792 1793 1794 1795 1999 2000 2001 2002 2003 2004 2038 2039 2040 2041 2042 2043 2076 2077 2078 2079 2080 2081 2124 2125 }
	outgoing={
		name="houston"
		path={ 2078 2079 2080 2081 2121 2129 2153 }
		control={ 3136.000000 288.000000 }
	}
	outgoing={
		name="dallas"
		path={ 2040 2039 2037 2036 2007 2033 2032 }
		control={ 3121.000000 297.000000 }
	}
	outgoing={
		name="lafayette"
		path={ 1193 1204 1207 1213 1220 1239 }
		control={ 3152.000000 283.000000 }
	}
	outgoing={
		name="little_rock"
		path={ 1794 1789 1777 1778 1770 1769 }
		control={ 3142.000000 307.000000 }
	}
	outgoing={
		name="jackson"
		path={ 1193 1194 1196 1202 1201 1199 1383 1384 }
		control={ 3162.000000 295.000000 }
	}
}

lexington={
	location=989
	members={ 917 918 919 922 927 952 953 955 956 957 958 959 962 963 964 966 967 968 969 970 971 972 973 974 975 976 977 978 979 980 981 982 983 984 985 986 987 988 989 990 991 992 993 994 995 996 997 998 999 1000 }
	outgoing={
		name="knoxville"
		path={ 995 980 956 918 1005 1046 1082 }
		control={ 3412.000000 532.000000 }
	}
	outgoing={
		name="louisville"
		path={ 990 972 934 888 }
		control={ 3391.000000 547.000000 }
	}
	outgoing={
		name="cincinnati"
		path={ 970 930 883 1113 }
		control={ 3402.000000 557.000000 }
	}
}

jackson={
	location=1384
	members={ 1184 1185 1198 1199 1366 1367 1368 1369 1370 1371 1372 1373 1374 1375 1376 1377 1378 1379 1380 1381 1382 1383 1384 1385 1386 1387 1388 1389 1390 1391 1392 1393 1394 1395 1396 1397 1398 1399 1400 1401 1403 1404 1407 1412 1413 1414 1415 1416 }
	outgoing={
		name="memphis"
		path={ 1380 1379 1368 1363 1352 1347 1348 1022 }
		control={ 3265.000000 309.000000 }
	}
	outgoing={
		name="birmingham"
		path={ 1385 1386 1387 1388 1555 1556 1553 1544 }
		control={ 3280.000000 301.000000 }
	}
	outgoing={
		name="mobile"
		path={ 1392 1403 1405 1409 1419 1591 }
		control={ 3295.000000 270.000000 }
	}
	outgoing={
		name="new_orleans"
		path={ 1394 1400 1413 1226 1227 1228 }
		control={ 3272.729980 265.119995 }
	}
	outgoing={
		name="lafayette"
		path={ 1395 1396 1397 1416 1222 1221 1220 1239 }
		control={ 3252.000000 269.000000 }
	}
}

greenville={
	location=512
	members={ 303 304 305 306 307 308 510 511 512 513 514 515 516 517 535 536 537 781 782 783 784 785 786 790 791 792 793 794 795 796 831 832 }
	outgoing={
		name="knoxville"
		path={ 792 785 786 1037 1082 }
		control={ 3474.000000 458.000000 }
	}
	outgoing={
		name="augusta"
		path={ 536 537 518 311 }
		control={ 3498.000000 437.000000 }
	}
	outgoing={
		name="atlanta"
		path={ 515 307 335 346 345 344 377 }
		control={ 3488.000000 440.000000 }
	}
	outgoing={
		name="tallahassee"
		path={ 515 308 333 351 353 371 370 361 392 403 402 432 436 454 1888 }
		control={ 3491.159912 419.559998 }
	}
}

mobile={
	location=1591
	members={ 1402 1405 1406 1408 1409 1410 1411 1417 1418 1419 1420 1421 1422 1568 1571 1572 1573 1574 1575 1582 1588 1589 1590 1591 1881 1882 1883 1884 1892 }
	outgoing={
		name="tallahassee"
		path={ 1590 1589 1588 1587 1886 1887 1888 }
		control={ 3370.000000 229.000000 }
	}
	outgoing={
		name="new_orleans"
		path={ 1420 1421 1422 1227 1228 }
		control={ 3339.000000 221.000000 }
	}
	outgoing={
		name="birmingham"
		path={ 1571 1570 1569 1558 1552 1544 }
		control={ 3344.000000 279.000000 }
	}
}

augusta={
	location=311
	members={ 309 310 311 312 313 316 325 326 327 328 329 330 331 332 333 349 350 351 352 353 354 355 356 357 359 361 365 367 368 370 371 372 391 392 403 404 518 519 520 521 538 539 540 541 551 552 553 }
	outgoing={
		name="atlanta"
		path={ 332 333 349 373 387 375 376 377 }
		control={ 3502.000000 398.000000 }
	}
	outgoing={
		name="charlotte"
		path={ 518 538 551 535 509 798 }
		control={ 3523.000000 413.000000 }
	}
	outgoing={
		name="charleston"
		path={ 519 540 543 526 }
		control={ 3535.000000 399.000000 }
	}
	outgoing={
		name="tallahassee"
		path={ 331 355 361 392 403 402 432 436 454 1888 }
		control={ 3517.389893 375.470001 }
	}
}

boise={
	location=3126
	members={ 2524 2525 2526 2527 2528 2529 2551 2552 2715 2716 2717 3111 3112 3113 3114 3119 3120 3121 3122 3123 3124 3125 3126 3127 3128 3129 3138 3139 3140 3141 3142 3143 3144 }
	outgoing={
		name="spokane"
		path={ 3122 3111 2527 3098 3096 3079 }
		control={ 2473.000000 734.000000 }
	}
	outgoing={
		name="portland"
		path={ 3125 3124 3123 2528 2529 2530 2521 2533 2519 }
		control={ 2441.000000 736.000000 }
	}
	outgoing={
		name="reno"
		path={ 3144 2552 2714 2713 }
		control={ 2451.000000 689.000000 }
	}
	outgoing={
		name="salt_lake"
		path={ 3127 3143 3138 3168 3172 3173 3174 }
		control={ 2489.000000 686.000000 }
	}
}

ozark={
	location=1698
	members={ 1652 1667 1668 1669 1670 1671 1672 1673 1674 1675 1686 1687 1688 1689 1690 1691 1692 1693 1694 1695 1696 1697 1698 1699 1700 1701 1702 1703 1704 1705 1706 1707 1710 1727 1728 1729 1730 1731 1732 1733 1734 1735 2628 2629 2633 2634 3210 3211 3232 3233 3234 }
	outgoing={
		name="wichita"
		path={ 1697 1691 2628 2633 2632 2637 2620 2657 }
		control={ 3119.000000 468.000000 }
	}
	outgoing={
		name="kansas_city"
		path={ 1689 1673 1671 1650 1649 }
		control={ 3131.000000 481.000000 }
	}
	outgoing={
		name="saint_louis"
		path={ 1688 1687 1676 1677 1678 1663 1661 1722 }
		control={ 3163.000000 483.000000 }
	}
	outgoing={
		name="oklahoma_city"
		path={ 1696 1693 3209 3208 3212 3213 3214 3227 3241 }
		control={ 3127.000000 451.000000 }
	}
	outgoing={
		name="little_rock"
		path={ 1699 1701 1728 1735 1746 1756 1769 }
		control={ 3154.000000 448.000000 }
	}
}

reno={
	location=2713
	members={ 2375 2376 2382 2383 2384 2385 2393 2396 2410 2411 2713 2714 2718 2719 2720 2721 2722 2723 2724 2725 2726 2727 2728 2729 }
	outgoing={
		name="salt_lake"
		path={ 2714 2715 3175 3174 }
		control={ 2365.000000 590.000000 }
	}
	outgoing={
		name="los_angeles"
		path={ 2724 2410 2411 2430 2424 }
		control={ 2331.000000 566.000000 }
	}
	outgoing={
		name="san_francisco"
		path={ 2394 2398 2407 2404 2402 2401 }
		control={ 2299.000000 566.000000 }
	}
}

spokane={
	location=3079
	members={ 3006 3007 3008 3028 3029 3030 3031 3061 3076 3077 3078 3079 3080 3093 3094 3095 3096 3097 3098 3099 3100 3101 3102 3103 3104 3105 3106 3107 3108 3109 3110 }
	outgoing={
		name="seattle"
		path={ 3080 3081 3084 3071 }
		control={ 2425.000000 882.000000 }
	}
}

little_rock={
	location=1769
	members={ 1726 1736 1737 1743 1744 1745 1746 1747 1748 1749 1750 1751 1752 1753 1754 1755 1756 1757 1758 1759 1766 1767 1768 1769 1770 1771 1772 1773 1776 1777 1778 1779 1780 1781 1782 1784 1785 1786 1787 1788 1796 1797 }
	outgoing={
		name="oklahoma_city"
		path={ 1754 1753 1773 3259 3258 3257 3237 3238 3239 3241 }
		control={ 3149.000000 377.000000 }
	}
	outgoing={
		name="memphis"
		path={ 1757 1758 1759 1763 1762 1022 }
		control={ 3213.000000 385.000000 }
	}
}

wichita={
	location=2657
	members={ 2555 2556 2557 2558 2559 2560 2568 2569 2570 2571 2572 2573 2574 2575 2576 2577 2580 2581 2582 2583 2584 2585 2586 2587 2588 2598 2599 2600 2601 2602 2603 2604 2605 2606 2607 2608 2609 2610 2611 2612 2613 2614 2615 2616 2617 2618 2619 2620 2621 2622 2623 2624 2627 2630 2631 2632 2635 2636 2637 2638 2639 2640 2641 2642 2643 2644 2645 2646 2647 2648 2649 2650 2651 2652 2653 2654 2655 2656 2657 3201 3202 3206 3207 3208 3209 3218 }
	outgoing={
		name="denver"
		path={ 2618 2616 2615 2606 2581 2577 2578 2854 2853 2850 2848 }
		control={ 2985.000000 478.000000 }
	}
	outgoing={
		name="omaha"
		path={ 2619 2600 2587 2570 2561 2809 2802 2803 2780 2779 }
		control={ 3024.000000 508.000000 }
	}
	outgoing={
		name="kansas_city"
		path={ 2620 2622 2623 2596 2625 1650 1649 }
		control={ 3052.000000 491.000000 }
	}
	outgoing={
		name="oklahoma_city"
		path={ 2639 3204 3216 3225 3241 }
		control={ 3017.000000 454.000000 }
	}
}

des_moines={
	location=2270
	members={ 1609 1610 1623 1624 2213 2214 2215 2216 2217 2218 2219 2220 2221 2226 2227 2228 2229 2230 2231 2232 2240 2241 2242 2243 2244 2245 2246 2247 2250 2251 2252 2253 2254 2255 2256 2257 2267 2268 2269 2270 2271 2279 2280 2281 2282 2283 2284 2288 2289 2290 2291 2292 2293 2300 }
	outgoing={
		name="minneapolis"
		path={ 2253 2244 2216 2206 2512 2502 2495 2484 2479 }
		control={ 3104.000000 668.000000 }
	}
	outgoing={
		name="omaha"
		path={ 2271 2272 2273 2274 2275 2778 2779 }
		control={ 3075.000000 627.000000 }
	}
	outgoing={
		name="kansas_city"
		path={ 2269 2280 2293 1613 1620 1631 1637 1649 }
		control={ 3110.000000 605.000000 }
	}
}

albany={
	location=751
	members={ 462 464 480 481 482 483 699 700 701 702 703 704 717 718 723 724 725 726 727 728 729 730 731 732 733 734 744 745 746 747 748 749 750 751 752 753 761 867 868 873 874 875 876 878 }
	outgoing={
		name="buffalo"
		path={ 746 745 744 743 704 705 706 738 709 }
		control={ 3614.000000 814.000000 }
	}
	outgoing={
		name="boston"
		path={ 725 483 480 479 472 471 }
		control={ 3652.000000 836.000000 }
	}
	outgoing={
		name="new_york"
		path={ 752 753 719 283 284 755 }
		control={ 3644.000000 792.000000 }
	}
}

knoxville={
	location=1082
	members={ 577 578 579 580 581 582 634 787 788 789 914 915 916 954 1001 1002 1003 1004 1005 1006 1007 1032 1033 1034 1035 1036 1037 1038 1039 1040 1041 1042 1043 1044 1045 1046 1047 1048 1075 1076 1077 1078 1079 1080 1081 1082 1083 1084 }
	outgoing={
		name="atlanta"
		path={ 1037 1036 1035 334 380 379 378 377 }
		control={ 3435.000000 458.000000 }
	}
	outgoing={
		name="nashville"
		path={ 1083 1085 1086 1052 1054 1055 }
		control={ 3414.000000 473.000000 }
	}
}

grand_rapids={
	location=1848
	members={ 1249 1250 1261 1262 1834 1835 1842 1843 1844 1845 1846 1847 1848 1849 1850 1858 1859 1860 1861 1862 1864 1865 1866 1867 1877 1878 }
	outgoing={
		name="detroit"
		path={ 1860 1859 1867 1868 1869 1871 }
		control={ 3356.000000 721.000000 }
	}
	outgoing={
		name="chicago"
		path={ 1862 1863 1880 1253 1254 1255 1429 }
		control={ 3291.000000 699.000000 }
	}
	outgoing={
		name="indianapolis"
		path={ 1862 1863 1879 1251 1260 1265 1275 1283 1293 1294 }
		control={ 3316.000000 695.000000 }
	}
}

wyoming_valley={
	location=263
	members={ 241 243 244 245 246 252 253 255 256 257 258 259 260 261 262 263 264 265 267 268 269 275 276 277 278 279 280 281 713 714 715 716 741 742 743 }
	outgoing={
		name="buffalo"
		path={ 260 245 243 712 739 709 }
		control={ 3591.000000 750.000000 }
	}
	outgoing={
		name="pittsburgh"
		path={ 259 245 240 236 229 224 }
		control={ 3591.000000 735.000000 }
	}
	outgoing={
		name="dc"
		path={ 264 268 267 266 494 501 500 505 }
		control={ 3604.000000 733.000000 }
	}
	outgoing={
		name="new_york"
		path={ 278 288 287 286 285 755 }
		control={ 3611.000000 746.000000 }
	}
}

lafayette={
	location=1239
	members={ 1204 1205 1206 1207 1208 1209 1210 1211 1212 1213 1214 1215 1216 1217 1218 1219 1220 1221 1222 1223 1224 1234 1235 1236 1237 1238 1239 1240 1241 1242 1245 }
	outgoing={
		name="new_orleans"
		path={ 1238 1237 1245 1246 1233 151 1228 }
		control={ 3241.000000 205.000000 }
	}
	outgoing={
		name="houston"
		path={ 1219 1218 1216 198 2154 2129 2153 }
		control={ 3191.000000 189.000000 }
	}
}

charleston={
	location=526
	members={ 314 315 317 318 319 320 322 323 324 358 522 523 524 525 526 528 529 530 542 543 544 545 546 554 555 }
	outgoing={
		name="charlotte"
		path={ 543 554 555 549 533 798 }
		control={ 3581.000000 444.000000 }
	}
	outgoing={
		name="raleigh"
		path={ 528 545 530 802 847 849 821 }
		control={ 3615.000000 455.000000 }
	}
	outgoing={
		name="tallahassee"
		path={ 525 522 314 328 327 316 366 364 396 400 434 1896 1888 }
		control={ 3548.000000 354.000000 }
	}
}

albuquerque={
	location=3286
	members={ 2867 2868 2869 2870 2877 2878 2880 2881 3274 3275 3276 3277 3278 3279 3280 3281 3282 3283 3284 3285 3286 3287 3288 3289 3290 3291 3292 3293 3294 3299 }
	outgoing={
		name="phoenix"
		path={ 3285 3310 3309 3313 3317 }
		control={ 2669.000000 351.000000 }
	}
	outgoing={
		name="denver"
		path={ 3281 3275 2880 2877 2874 2861 2860 2851 2847 2848 }
		control={ 2752.000000 425.000000 }
	}
	outgoing={
		name="el_paso"
		path={ 3287 3293 3299 3298 2102 }
		control={ 2723.000000 320.000000 }
	}
}

birmingham={
	location=1544
	members={ 1525 1526 1527 1528 1529 1530 1531 1532 1533 1534 1535 1536 1537 1538 1539 1540 1541 1542 1543 1544 1545 1546 1547 1548 1549 1550 1551 1552 1553 1554 1555 1556 1557 1558 1559 1560 1561 1565 1566 1567 1569 1570 1576 1577 }
	outgoing={
		name="atlanta"
		path={ 1545 1546 1547 418 377 }
		control={ 3396.000000 379.000000 }
	}
	outgoing={
		name="memphis"
		path={ 1543 1540 1357 1342 1344 1345 1023 1022 }
		control={ 3334.000000 376.000000 }
	}
	outgoing={
		name="nashville"
		path={ 1537 1533 1526 1030 1071 1093 1055 }
		control={ 3353.000000 403.000000 }
	}
}

hidalgo={
	location=2200
	members={ 2187 2188 2189 2190 2191 2192 2193 2194 2195 2196 2197 2198 2199 2200 2201 }
	outgoing={
		name="san_antonio"
		path={ 2191 2187 2186 2174 2164 }
		control={ 3008.000000 59.000000 }
	}
}

omaha={
	location=2779
	members={ 1614 1615 1616 1617 1619 2272 2273 2274 2275 2276 2277 2278 2294 2295 2296 2297 2298 2299 2561 2562 2563 2740 2741 2742 2744 2747 2748 2749 2750 2751 2752 2753 2754 2755 2756 2757 2771 2772 2773 2774 2775 2776 2777 2778 2779 2780 2781 2782 2783 2784 2785 2786 2787 2788 2794 2795 2796 2797 2798 2799 2800 2801 2802 2803 2804 2805 2806 2807 2808 2809 2810 2811 2812 2813 2814 2815 2816 2817 2818 2819 }
	outgoing={
		name="kansas_city"
		path={ 2780 2297 2296 1616 1617 2565 1633 1634 1636 1649 }
		control={ 3054.000000 579.000000 }
	}
}

hawaii={
	location=3355
	members={ 3353 3354 3355 3356 }
	outgoing={
		name="san_francisco"
		path={ 96 98 101 108 2390 2391 2399 2398 2407 2404 2402 2401 }
		control={ 1267.000000 547.000000 }
	}
}

el_paso={
	location=2102
	members={ 2100 2101 2102 2103 2104 2105 2107 3295 3296 3297 3298 3300 3301 3302 3306 }
	outgoing={
		name="phoenix"
		path={ 3298 3297 3295 3311 3312 3318 3317 }
		control={ 2678.000000 253.000000 }
	}
	outgoing={
		name="san_antonio"
		path={ 2101 2104 2107 2108 2140 2139 2138 2145 2164 }
		control={ 2884.000000 175.000000 }
	}
}

buffalo={
	location=709
	members={ 215 216 217 222 225 226 227 233 234 242 705 706 707 708 709 710 711 712 735 736 737 738 739 740 }
	outgoing={
		name="pittsburgh"
		path={ 710 225 222 223 224 }
		control={ 3508.000000 748.000000 }
	}
	outgoing={
		name="cleveland"
		path={ 118 1098 }
		control={ 3472.000000 750.000000 }
	}
}

new_orleans={
	location=1228
	members={ 1225 1226 1227 1228 1229 1230 1231 1232 1233 1243 1244 1246 1247 1248 }
	outgoing={
		name="tallahassee"
		path={ 2 1895 1888 }
		control={ 3372.000000 213.000000 }
	}
	outgoing={
		name="houston"
		path={ 151 1234 1235 1236 1221 1220 1219 1218 1216 198 2154 2129 2153 }
		control={ 3357.000000 172.000000 3242.000000 137.000000 }
	}
}

louisville={
	location=888
	members={ 885 886 887 888 889 890 891 892 931 932 933 934 935 936 937 938 939 1316 1317 1326 1327 1328 1329 1332 1333 1334 1335 1336 }
	outgoing={
		name="indianapolis"
		path={ 1332 1328 1318 1311 1303 1294 }
		control={ 3345.000000 570.000000 }
	}
	outgoing={
		name="nashville"
		path={ 889 890 938 947 909 1012 1055 }
		control={ 3362.000000 530.000000 }
	}
	outgoing={
		name="cincinnati"
		path={ 887 886 885 884 883 1113 }
		control={ 3376.000000 567.000000 }
	}
}

oklahoma_city={
	location=3241
	members={ 1951 1952 1953 1954 1991 1992 1993 3200 3203 3204 3205 3212 3213 3214 3215 3216 3217 3219 3220 3221 3222 3223 3224 3225 3226 3227 3228 3229 3230 3231 3235 3236 3237 3238 3239 3240 3241 3242 3243 3244 3245 3246 3247 3248 3249 3250 3251 3252 3253 3254 3255 3256 3257 3258 3259 3261 3262 3263 3264 3265 3266 3267 3268 3269 3270 3271 }
	outgoing={
		name="dallas"
		path={ 3239 3255 3262 3270 1996 2008 2032 }
		control={ 3020.000000 365.000000 }
	}
}

memphis={
	location=1022
	members={ 1019 1020 1021 1022 1023 1024 1025 1026 1061 1062 1063 1064 1065 1341 1342 1343 1344 1345 1346 1347 1348 1349 1350 1351 1352 1353 1354 1355 1356 1357 1358 1359 1360 1361 1362 1363 1364 1365 1709 1711 1712 1717 1718 1719 1720 1721 1723 1724 1725 1738 1739 1740 1741 1742 1760 1761 1762 1763 1764 1765 1783 }
	outgoing={
		name="nashville"
		path={ 1023 1024 1065 1066 1067 1068 1094 1093 1055 }
		control={ 3272.000000 424.000000 }
	}
	outgoing={
		name="saint_louis"
		path={ 1741 1720 1719 1714 1682 1504 1502 1722 }
		control={ 3240.000000 466.000000 }
	}
}

richmond_city={
	location=663
	members={ 589 590 591 592 596 597 598 599 600 601 605 606 607 608 609 610 611 612 613 614 623 624 625 639 640 641 642 643 644 645 646 647 648 652 653 654 655 656 658 659 660 663 696 }
	outgoing={
		name="dc"
		path={ 600 647 649 615 499 500 505 }
		control={ 3604.000000 619.000000 }
	}
	outgoing={
		name="virginia_beach"
		path={ 600 598 597 596 593 594 595 }
		control={ 3650.000000 596.000000 }
	}
}

raleigh={
	location=821
	members={ 769 770 771 772 773 774 775 801 802 803 804 805 806 807 808 809 810 811 812 818 819 820 821 822 823 824 825 842 843 844 845 846 847 848 849 850 851 852 853 854 855 856 858 859 860 861 }
	outgoing={
		name="virginia_beach"
		path={ 819 818 817 766 765 764 763 594 595 }
		control={ 3623.000000 545.000000 }
	}
}

nashville={
	location=1055
	members={ 906 907 908 909 910 911 912 913 943 944 947 948 949 950 951 1008 1009 1010 1011 1012 1013 1014 1015 1016 1017 1018 1027 1028 1029 1030 1031 1049 1050 1051 1052 1053 1054 1055 1056 1057 1058 1059 1060 1066 1067 1068 1069 1070 1071 1072 1073 1074 1085 1086 1087 1088 1089 1090 1091 1092 1093 1094 1095 }
	outgoing={
		name="atlanta"
		path={ 1092 1074 1075 1032 412 411 382 383 384 377 }
		control={ 3385.000000 439.000000 }
	}
}

salt_lake={
	location=3174
	members={ 3130 3131 3132 3133 3134 3135 3136 3137 3157 3158 3160 3161 3162 3168 3169 3170 3171 3172 3173 3174 3175 3176 3177 3178 3179 3180 3181 3182 3183 3184 3185 3186 3187 3188 3189 3190 3191 3192 3193 3194 3195 3196 }
	outgoing={
		name="phoenix"
		path={ 3176 3183 3186 3191 3194 3195 3307 3314 3317 }
		control={ 2572.000000 463.000000 }
	}
	outgoing={
		name="denver"
		path={ 3178 3179 2823 2824 2838 2836 2847 2848 }
		control={ 2680.000000 563.000000 }
	}
}

tallahassee={
	location=1888
	members={ 321 360 362 363 364 366 369 393 394 395 396 397 398 399 400 401 402 429 430 431 432 433 434 435 436 437 438 439 440 449 450 451 452 453 454 455 456 457 458 459 460 1578 1580 1581 1583 1584 1585 1586 1587 1885 1886 1887 1888 1889 1890 1891 1893 1894 1895 1896 1897 1898 1899 1900 1901 1902 1903 1904 1905 1906 1907 1908 1909 1910 1911 1912 1915 }
	outgoing={
		name="florida"
		path={ 1896 1910 1911 1912 1920 1921 1922 1924 }
		control={ 3497.000000 231.000000 }
	}
	outgoing={
		name="houston"
		path={ 1889 1890 1892 1884 1883 1589 1590 1591 1419 1418 1417 1226 1225 1234 1235 1236 1221 1220 1219 1218 1216 198 2154 2129 2153 }
		control={ 3446.550049 197.729996 }
	}
}

madison={
	location=2363
	members={ 1424 1425 1426 1432 1433 2310 2311 2321 2322 2323 2327 2328 2329 2330 2331 2332 2342 2343 2344 2345 2346 2347 2348 2349 2350 2351 2352 2353 2354 2355 2356 2357 2358 2359 2360 2361 2362 2363 2364 2365 2366 2370 2371 2372 }
	outgoing={
		name="minneapolis"
		path={ 2356 2357 2358 2499 2498 2497 2483 2479 }
		control={ 3177.000000 723.000000 }
	}
}

charlotte={
	location=798
	members={ 509 531 532 533 534 547 548 549 550 778 779 780 797 798 799 800 826 828 829 830 833 834 835 836 837 838 839 840 841 }
	outgoing={
		name="virginia_beach"
		path={ 840 841 842 846 849 854 819 818 817 766 765 764 763 594 595 }
		control={ 3578.000000 534.000000 }
	}
}

virginia_beach={
	location=595
	members={ 593 594 595 602 603 604 661 662 669 670 671 762 763 764 765 766 767 768 813 814 815 816 817 857 }
	outgoing={
		name="dc"
		path={ 661 662 491 489 488 486 496 500 505 }
		control={ 3644.000000 610.000000 }
	}
	outgoing={
		name="florida"
		path={ 762 814 4 1929 1926 1925 1924 }
		control={ 3748.000000 544.000000 3708.000000 347.000000 }
	}
}

columbus={
	location=1177
	members={ 1107 1108 1133 1139 1140 1150 1151 1152 1153 1160 1161 1162 1163 1164 1165 1166 1167 1168 1172 1173 1174 1175 1176 1177 1178 1179 1180 1181 }
	outgoing={
		name="detroit"
		path={ 1175 1167 1166 1136 1102 1872 1871 }
		control={ 3394.000000 664.000000 }
	}
	outgoing={
		name="cleveland"
		path={ 1180 1182 1159 1158 1131 1098 }
		control={ 3441.000000 666.000000 }
	}
	outgoing={
		name="pittsburgh"
		path={ 1180 1182 1183 1156 1125 2658 219 224 }
		control={ 3470.000000 653.000000 }
	}
	outgoing={
		name="cincinnati"
		path={ 1172 1171 1144 1113 }
		control={ 3408.000000 608.000000 }
	}
	outgoing={
		name="indianapolis"
		path={ 1172 1171 1143 1111 1298 1296 1295 1294 }
		control={ 3364.000000 622.000000 }
	}
}

kansas_city={
	location=1649
	members={ 1611 1612 1613 1618 1620 1621 1622 1629 1630 1631 1632 1633 1634 1635 1636 1637 1638 1639 1640 1644 1645 1646 1647 1648 1649 1650 1651 1653 2564 2565 2566 2567 2589 2590 2591 2592 2593 2594 2595 2596 2597 2625 2626 }
	outgoing={
		name="saint_louis"
		path={ 1651 1652 1653 1645 1656 1657 1658 1660 1661 1722 }
		control={ 3151.000000 526.000000 }
	}
}

cincinnati={
	location=1113
	members={ 881 882 883 884 928 929 930 1110 1111 1112 1113 1114 1115 1116 1141 1142 1143 1144 1145 1146 1169 1170 1171 1296 1298 1299 1300 1301 1314 1315 1330 1331 }
	outgoing={
		name="indianapolis"
		path={ 1315 1314 1301 1295 1294 }
		control={ 3366.000000 599.000000 }
	}
}

indianapolis={
	location=1294
	members={ 1263 1264 1265 1268 1269 1270 1271 1272 1273 1274 1275 1276 1277 1278 1279 1280 1281 1282 1283 1284 1285 1286 1287 1288 1289 1290 1291 1292 1293 1294 1295 1297 1302 1303 1304 1305 1306 1307 1308 1310 1311 1312 1313 1318 1319 1460 1461 1476 1477 1478 1479 1480 1481 }
	outgoing={
		name="chicago"
		path={ 1292 1285 1272 1268 1257 1255 1429 }
		control={ 3309.000000 625.000000 }
	}
	outgoing={
		name="saint_louis"
		path={ 1291 1290 1306 1308 1496 1495 1494 1493 1492 1491 1722 }
		control={ 3298.000000 584.000000 }
	}
}

pittsburgh={
	location=224
	members={ 218 219 220 221 223 224 228 229 230 231 232 235 236 237 238 239 240 247 248 249 254 1123 1124 1154 1155 2658 2659 2660 2661 2662 2663 2675 2676 2677 2678 2679 2680 2681 }
	outgoing={
		name="cleveland"
		path={ 219 1126 1157 1131 1098 }
		control={ 3470.000000 687.000000 }
	}
	outgoing={
		name="dc"
		path={ 229 237 507 506 618 617 505 }
		control={ 3546.000000 669.000000 }
	}
}

cleveland={
	location=1098
	members={ 1096 1097 1098 1099 1100 1109 1125 1126 1127 1128 1129 1130 1131 1132 1134 1135 1156 1157 1158 1159 1182 1183 }
	outgoing={
		name="detroit"
		path={ 1099 1109 1100 1101 1102 1872 1871 }
		control={ 3413.000000 702.000000 }
	}
}

san_antonio={
	location=2164
	members={ 2090 2091 2092 2106 2108 2109 2110 2111 2112 2113 2135 2136 2137 2138 2139 2140 2141 2142 2143 2144 2145 2146 2147 2148 2149 2161 2162 2163 2164 2165 2166 2167 2168 2169 2170 2171 2172 2173 2174 2175 2176 2177 2178 2181 2182 2183 2184 2185 2186 }
	outgoing={
		name="houston"
		path={ 2163 2162 2150 2151 2152 2153 }
		control={ 3059.000000 149.000000 }
	}
	outgoing={
		name="dallas"
		path={ 2146 2147 2136 2135 2114 2086 2072 2046 2032 }
		control={ 3020.000000 184.000000 }
	}
}

portland={
	location=2519
	members={ 2517 2518 2519 2520 2521 2522 2523 2530 2531 2532 2533 2534 2535 2536 2537 2538 2539 2540 2541 2542 2543 2544 2549 2550 3088 3089 3090 3091 }
	outgoing={
		name="seattle"
		path={ 3091 3086 3070 3071 }
		control={ 2333.000000 859.000000 }
	}
}

saint_louis={
	location=1722
	members={ 1463 1464 1469 1470 1471 1472 1473 1474 1475 1482 1483 1484 1485 1486 1487 1488 1489 1490 1491 1492 1493 1494 1499 1500 1501 1502 1503 1504 1505 1506 1507 1513 1608 1625 1626 1627 1628 1641 1642 1643 1654 1655 1656 1657 1658 1659 1660 1661 1662 1663 1664 1665 1666 1676 1677 1678 1679 1680 1681 1682 1683 1684 1685 1708 1713 1714 1715 1716 1722 }
	outgoing={
		name="chicago"
		path={ 1491 1484 1483 1475 1462 1456 1442 1440 1439 1429 }
		control={ 3230.000000 569.000000 }
	}
}

denver={
	location=2848
	members={ 2553 2554 2578 2579 2760 2761 2764 2765 2766 2767 2790 2791 2792 2793 2820 2821 2822 2823 2824 2825 2826 2827 2828 2829 2830 2831 2832 2833 2834 2835 2836 2837 2838 2839 2840 2841 2842 2843 2844 2845 2846 2847 2848 2849 2850 2851 2852 2853 2854 2855 2856 2857 2858 2859 2860 2861 2862 2863 2864 2865 2866 2871 2872 2873 2874 2875 2876 2879 2882 2883 2884 2885 2886 3151 3165 3166 3167 }
	outgoing={
		name="phoenix"
		path={ 2847 2846 2862 2863 2871 2866 3189 3308 3314 3317 }
		control={ 2683.000000 487.000000 }
	}
}

minneapolis={
	location=2479
	members={ 527 2317 2334 2335 2336 2337 2338 2339 2340 2341 2439 2454 2455 2456 2457 2458 2459 2460 2461 2462 2463 2464 2470 2471 2472 2473 2474 2475 2476 2477 2478 2479 2480 2481 2482 2483 2484 2485 2486 2492 2493 2494 2495 2496 2497 2498 2499 2500 2501 2502 2503 2504 2511 2512 2513 2514 2515 2516 }
	outgoing={
		name="chicago"
		path={ 2483 2497 2500 2515 2222 2223 2359 2361 1423 1424 1425 1432 1431 1429 }
		control={ 3261.000000 725.000000 }
	}
}

seattle={
	location=3071
	members={ 3062 3063 3064 3065 3066 3067 3068 3069 3070 3071 3072 3073 3074 3075 3081 3082 3083 3084 3085 3086 3087 3092 }
	outgoing={
		name="san_francisco"
		path={ 3070 3086 3091 2519 2533 2532 2540 2541 2547 2374 2378 2380 2390 2391 2399 2398 2407 2404 2402 2401 }
		control={ 2056.000000 705.000000 }
	}
}

san_francisco={
	location=2401
	members={ 2390 2391 2392 2394 2395 2397 2398 2399 2400 2401 2402 2403 2404 2405 2406 2407 2408 2409 2416 2417 2418 }
	outgoing={
		name="los_angeles"
		path={ 2402 2404 2419 2414 2412 2430 2424 }
		control={ 2206.000000 487.000000 2274.000000 364.000000 }
	}
}

detroit={
	location=1871
	members={ 1101 1102 1103 1104 1105 1106 1136 1137 1138 1840 1841 1851 1852 1853 1854 1855 1856 1857 1868 1869 1870 1871 1872 1873 1874 1875 1876 }
	outgoing={
		name="chicago"
		path={ 1874 1875 1865 1864 1863 1880 1253 1254 1255 1429 }
		control={ 3344.000000 681.000000 }
	}
	outgoing={
		name="new_york"
		path={ 118 709 739 712 713 714 261 262 279 278 288 287 286 285 755 }
		control={ 3546.000000 829.000000 3711.000000 1147.000000 4078.000000 1086.000000 }
	}
}

phoenix={
	location=3317
	members={ 3307 3308 3309 3310 3311 3312 3313 3314 3315 3316 3317 3318 3319 3320 3321 }
	outgoing={
		name="los_angeles"
		path={ 3315 2429 2424 }
		control={ 2411.000000 307.000000 }
	}
}

boston={
	location=471
	members={ 470 471 472 473 474 475 476 477 478 479 558 559 560 561 562 564 565 862 863 864 866 }
	outgoing={
		name="new_york"
		path={ 472 864 462 464 467 469 721 754 755 }
		control={ 3720.000000 778.000000 }
	}
}

atlanta={
	location=377
	members={ 334 335 336 337 338 339 340 341 342 343 344 345 346 347 348 373 374 375 376 377 378 379 380 381 382 383 384 385 386 387 388 389 390 405 406 407 408 409 410 411 412 413 414 415 416 417 418 419 420 421 422 423 424 425 426 427 428 441 442 443 444 445 446 447 448 461 1562 1563 1564 1579 }
	outgoing={
		name="florida"
		path={ 422 423 424 426 441 429 430 403 394 364 369 1900 1904 1906 1913 1919 1922 1924 }
		control={ 3523.000000 265.000000 }
	}
}

dc={
	location=505
	members={ 212 213 214 250 251 266 484 485 486 487 488 489 490 491 492 493 494 495 496 497 498 499 500 501 502 503 504 505 506 507 508 566 615 616 617 618 619 620 621 649 650 651 679 2705 2706 2707 2708 2709 2710 2711 2712 }
	outgoing={
		name="new_york"
		path={ 500 496 486 214 212 271 273 274 289 287 286 285 755 }
		control={ 3678.000000 610.000000 3676.000000 667.000000 }
	}
}

dallas={
	location=2032
	members={ 1994 1995 1996 1997 1998 2005 2006 2007 2008 2009 2010 2011 2012 2028 2029 2030 2031 2032 2033 2034 2035 2036 2037 2044 2045 2046 2047 2048 2049 2050 2051 2066 2067 2068 2069 2070 2071 2072 2073 2074 2075 2085 2086 2087 2088 2089 2114 3260 3272 3273 }
	outgoing={
		name="houston"
		path={ 2046 2045 2074 2083 2118 2119 2131 2153 }
		control={ 3074.000000 213.000000 }
	}
}

houston={
	location=2153
	members={ 2082 2083 2084 2115 2116 2117 2118 2119 2120 2121 2122 2123 2126 2127 2128 2129 2130 2131 2132 2133 2134 2150 2151 2152 2153 2154 2155 2156 2157 2158 2159 2160 2179 2180 }
	end=yes
}

chicago={
	location=1429
	members={ 1251 1252 1253 1254 1255 1256 1257 1258 1259 1260 1266 1267 1427 1428 1429 1430 1431 1437 1438 1439 1440 1441 1445 1446 1457 1458 1459 1863 1879 1880 2367 2368 2369 }
	end=yes
}

florida={
	location=1924
	members={ 1913 1914 1916 1917 1918 1919 1920 1921 1922 1923 1924 1925 1926 1927 1928 1929 1930 1931 1932 1933 1934 1935 1936 1937 1938 1939 1940 1941 1942 1943 1944 1945 1946 1947 }
	outgoing={
		name="houston"
		path={ 2046 2045 2074 2083 2118 2119 2131 2153 }
		control={ 3448.000000 116.000000 3181.000000 105.000000 }
	}
}

los_angeles={
	location=2424
	members={ 2412 2413 2414 2415 2419 2420 2421 2422 2423 2424 2425 2426 2427 2428 2429 2430 }
	end=yes
}

new_york={
	location=755
	members={ 270 271 272 273 274 282 283 284 285 286 287 288 289 290 291 292 293 294 295 296 297 298 299 300 301 302 463 465 466 467 468 469 719 720 721 722 754 755 756 757 758 759 760 }
	end=yes
}

